This file contains the list of custom defined OIDs:

nameDistinguisher   = 0.2.262.1.10.7.20
msEFSR              = 1.3.6.1.4.1.311.10.3.4.1
msEFSRecovery       = 1.3.6.1.4.1.311.21.6
driveEncryption     = 1.3.6.1.4.1.311.67.1.1
driveRecovery       = 1.3.6.1.4.1.311.67.1.2
microsoftCaVersion  = 1.3.6.1.4.1.311.21.1
gpgUsageCert        = 1.3.6.1.4.1.11591.2.6.1
adobeSigning        = 1.2.840.113583.1.1.5
adobeDigitcert      = 2.16.840.1.114412.3.21
msofficeSigning     = 1.3.6.1.4.1.311.10.3.12
msDocSigning        = 1.3.6.1.4.1.311.3.10.3.12
docuEncrypt         = 1.3.6.1.4.1.311.80.1
adobex509           = 1.2.840.113583.1.1.9
msAuthenticode      = 1.3.6.1.4.1.311.2
msTimestamping      = 1.3.6.1.4.1.311.3
gpgUsageSign        = 1.3.6.1.4.1.11591.2.6.2
gpgUsageEncr        = 1.3.6.1.4.1.11591.2.6.3
rda                 = 1.3.6.1.4.1.311.54.1.2
gpgUsageAuth        = 1.3.6.1.4.1.11591.2.6.4